[{"id": 0, "img_name": "000001", "width": 1953, "height": 1090, "position": [0.8673060674731745, 0.6310672345324169, -4.7194286355707495], "rotation": [[0.9954561826441016, 0.003030908839820729, -0.0951724856628102], [-0.012539801338922484, 0.9949611449919484, -0.09947398322522043], [0.09439142873170996, 0.1002154356769244, 0.990478230267617]], "fy": 1167.9866080503527, "fx": 1165.268276560617}, {"id": 1, "img_name": "000002", "width": 1953, "height": 1090, "position": [1.0098274370203535, 0.6309870812577244, -4.6610290333644055], "rotation": [[0.995417686790493, 0.003317833751325356, -0.09556474665828579], [-0.01264609957767666, 0.9951871885871904, -0.09717271138233904], [0.09478240865337441, 0.0979359568857243, 0.9906688868429966]], "fy": 1167.9866080503527, "fx": 1165.268276560617}, {"id": 2, "img_name": "000003", "width": 1953, "height": 1090, "position": [1.2717102373475806, 0.594599174477982, -4.433580028405067], "rotation": [[0.9901360585091239, 0.004903266744928679, -0.14002336810420235], [-0.017150149915351624, 0.9961136745773828, -0.08639108563865351], [0.1390555931917082, 0.0879403507792201, 0.9863721593328401]], "fy": 1167.9866080503527, "fx": 1165.268276560617}, {"id": 3, "img_name": "000004", "width": 1953, "height": 1090, "position": [1.674624544470158, 0.549016138417362, -4.168540465725612], "rotation": [[0.9588554525265724, 0.011287001500154338, -0.2836702747155535], [-0.03530574224799288, 0.9961933080866688, -0.07970192900838387], [0.28169083358245856, 0.0864378188090993, 0.9556038811951032]], "fy": 1167.9866080503527, "fx": 1165.268276560617}, {"id": 4, "img_name": "000005", "width": 1953, "height": 1090, "position": [2.084354689125872, 0.5479729706513149, -3.824125037044091], "rotation": [[0.9030657092162767, 0.02008305443503667, -0.4290326278527805], [-0.05611343349367526, 0.9958612266234189, -0.07149615297098409], [0.4258210979029269, 0.08864021791861089, 0.9004550540410595]], "fy": 1167.9866080503527, "fx": 1165.268276560617}, {"id": 5, "img_name": "000006", "width": 1953, "height": 1090, "position": [2.5511065495104592, 0.5629364156323742, -3.4038942007782773], "rotation": [[0.8596615051961458, 0.0226721078199368, -0.5103607273398867], [-0.06740387227222482, 0.9953146938078558, -0.06932083592170529], [0.5063978815976689, 0.09399274342828569, 0.8571619156823395]], "fy": 1167.9866080503527, "fx": 1165.268276560617}, {"id": 6, "img_name": "000007", "width": 1953, "height": 1090, "position": [2.9957988074619473, 0.5650114860147589, -3.0144820179972043], "rotation": [[0.7914747549149072, 0.04348375307009521, -0.6096530780298962], [-0.08153239073329824, 0.9960628297278605, -0.03480385748505411], [0.6057393677099917, 0.07725284754276801, 0.7919039183845684]], "fy": 1167.9866080503527, "fx": 1165.268276560617}, {"id": 7, "img_name": "000008", "width": 1953, "height": 1090, "position": [3.416207363449335, 0.49878642325137845, -2.5829800771681186], "rotation": [[0.7088963484282685, 0.09601314551064498, -0.6987470522830266], [-0.09130096264907668, 0.9948476009379578, 0.0440724985375428], [0.6993783678413414, 0.03255344524227075, 0.7140099241596294]], "fy": 1167.9866080503527, "fx": 1165.268276560617}, {"id": 8, "img_name": "000009", "width": 1953, "height": 1090, "position": [3.6946387307749706, 0.4725694862308573, -2.1688822625488653], "rotation": [[0.5623528688036907, 0.12871401075293673, -0.8168181893078481], [-0.10394613445642426, 0.9909787821960349, 0.08459464740059303], [0.8203380108710225, 0.03733305068108643, 0.5706590849596785]], "fy": 1167.9866080503527, "fx": 1165.268276560617}, {"id": 9, "img_name": "000010", "width": 1953, "height": 1090, "position": [4.003737266691366, 0.39288564698358636, -1.7555243102183269], "rotation": [[0.43542119018253317, 0.17745548156768262, -0.8825632777323154], [-0.11450353829178979, 0.9833332319345268, 0.14122568708226804], [0.8929150725901579, 0.03956396131304252, 0.44848340672374176]], "fy": 1167.9866080503527, "fx": 1165.268276560617}, {"id": 10, "img_name": "000011", "width": 1953, "height": 1090, "position": [4.281136328876427, 0.31554693712021514, -1.3098672628417494], "rotation": [[0.3066180234338902, 0.1981246696556878, -0.9309844268189016], [-0.12158938515441048, 0.978236457519568, 0.1681352271159702], [0.9440346440270433, 0.061644533037334505, 0.3240347858229764]], "fy": 1167.9866080503527, "fx": 1165.268276560617}, {"id": 11, "img_name": "000012", "width": 1953, "height": 1090, "position": [4.343134273602405, 0.23244184894143569, -0.6979785923471009], "rotation": [[0.1748003254354721, 0.2072716563377642, -0.9625400286256425], [-0.12638556567739243, 0.9742273168057323, 0.18683635614598326], [0.9764586704085628, 0.08899211014748973, 0.1964913975609072]], "fy": 1167.9866080503527, "fx": 1165.268276560617}, {"id": 12, "img_name": "000013", "width": 1953, "height": 1090, "position": [4.327513618539256, 0.1537315788122052, -0.06287387864011092], "rotation": [[0.044784340522634046, 0.210117073843675, -0.9766499772811774], [-0.12590110616572991, 0.9710230568909828, 0.20313329232879798], [0.9910314194364365, 0.11386412194129861, 0.0699405992563599]], "fy": 1167.9866080503527, "fx": 1165.268276560617}, {"id": 13, "img_name": "000014", "width": 1953, "height": 1090, "position": [4.1576793594259165, 0.07951535922633444, 0.5234716744351298], "rotation": [[-0.13662573449571333, 0.20319423989120272, -0.9695594409568417], [-0.1216165923668949, 0.9678930918061842, 0.21998265225905897], [0.9831290928126231, 0.1479698067475317, -0.10752731353719737]], "fy": 1167.9866080503527, "fx": 1165.268276560617}, {"id": 14, "img_name": "000015", "width": 1953, "height": 1090, "position": [4.096690008690287, 0.02788665085042853, 1.108413826963451], "rotation": [[-0.26775306912288316, 0.19376519872062223, -0.9438025968072109], [-0.12005740573990334, 0.9652246823214559, 0.23222302203797265], [0.9559783016900963, 0.17548891817491577, -0.23517892400365498]], "fy": 1167.9866080503527, "fx": 1165.268276560617}, {"id": 15, "img_name": "000016", "width": 1953, "height": 1090, "position": [3.908367002997847, -0.03574446729419898, 1.600712941628273], "rotation": [[-0.38419972157262, 0.1850945952929057, -0.9045057018819042], [-0.11549740723675535, 0.9623655404458817, 0.24599373057842902], [0.9159972286339667, 0.19897878619506415, -0.34836262684052466]], "fy": 1167.9866080503527, "fx": 1165.268276560617}, {"id": 16, "img_name": "000017", "width": 1953, "height": 1090, "position": [3.691999997978356, -0.11892518600585211, 2.0896680376694765], "rotation": [[-0.5071861651430358, 0.16981678025532096, -0.8449405038410795], [-0.10524004952819077, 0.9608550919003027, 0.2562850451051818], [0.8553868866558602, 0.2189058096830168, -0.46946088295428584]], "fy": 1167.9866080503527, "fx": 1165.268276560617}, {"id": 17, "img_name": "000018", "width": 1953, "height": 1090, "position": [3.38917624639673, -0.16522677623899615, 2.479192416114829], "rotation": [[-0.601009203615555, 0.13198564334410745, -0.7882688165343332], [-0.09713773908361215, 0.9668964798969705, 0.23595647227523006], [0.7933172107140498, 0.21838266211833163, -0.568292896375619]], "fy": 1167.9866080503527, "fx": 1165.268276560617}, {"id": 18, "img_name": "000019", "width": 1953, "height": 1090, "position": [3.2495716010345084, -0.18812689812159, 2.970186182376906], "rotation": [[-0.6568155946508948, 0.1169981462817253, -0.7449192630010526], [-0.09158396030442575, 0.9681982277087262, 0.23281874940957592], [0.7484688723242596, 0.2211416415520188, -0.6252125410876925]], "fy": 1167.9866080503527, "fx": 1165.268276560617}, {"id": 19, "img_name": "000020", "width": 1953, "height": 1090, "position": [3.06313391657343, -0.2497692932416027, 3.402862375539096], "rotation": [[-0.6899845428977907, 0.11850943779408016, -0.7140566110021369], [-0.08426404653433758, 0.9666468170671184, 0.241854298112867], [0.718902567128387, 0.2270450268289081, -0.6569852774366215]], "fy": 1167.9866080503527, "fx": 1165.268276560617}, {"id": 20, "img_name": "000021", "width": 1953, "height": 1090, "position": [2.888802199990653, -0.30624101560830197, 3.927584048301076], "rotation": [[-0.7637145021732108, 0.11463384308120264, -0.6352946097605101], [-0.06647444662310399, 0.9649113044366202, 0.2540222874406338], [0.6421225016431653, 0.23623136242009465, -0.729296535226014]], "fy": 1167.9866080503527, "fx": 1165.268276560617}, {"id": 21, "img_name": "000022", "width": 1953, "height": 1090, "position": [2.468250851975785, -0.3448431487633767, 4.304706706431379], "rotation": [[-0.826655767347658, 0.1078185650140618, -0.5522819925990368], [-0.051978454817140606, 0.9626445396533454, 0.2657324415844275], [0.5603021350536479, 0.24837602000577116, -0.7901714182001367]], "fy": 1167.9866080503527, "fx": 1165.268276560617}, {"id": 22, "img_name": "000023", "width": 1953, "height": 1090, "position": [2.0162753585048008, -0.38224255524525647, 4.743887236448678], "rotation": [[-0.8844475020015828, 0.09466155339429244, -0.45693742078334904], [-0.037728480668999864, 0.9614962878200484, 0.2722158155851265], [0.46511200581103973, 0.2580001527465559, -0.8468215533589027]], "fy": 1167.9866080503527, "fx": 1165.268276560617}, {"id": 23, "img_name": "000024", "width": 1953, "height": 1090, "position": [1.4094624629824029, -0.40265156707318955, 5.008786449592796], "rotation": [[-0.9152857532098501, 0.08624084958259141, -0.39346474535128234], [-0.02942488433922158, 0.9598867381909512, 0.27883978558799666], [0.401728971014912, 0.26679573780030547, -0.8760330291369668]], "fy": 1167.9866080503527, "fx": 1165.268276560617}, {"id": 24, "img_name": "000025", "width": 1953, "height": 1090, "position": [0.9079066321436103, -0.4282821523076169, 5.288546447135358], "rotation": [[-0.9609942300377063, 0.06824639135762946, -0.26801589486613875], [-0.011267273897284956, 0.9586109333155433, 0.2844962689857755], [0.2763388108340184, 0.2764190814588682, -0.9204506249833697]], "fy": 1167.9866080503527, "fx": 1165.268276560617}, {"id": 25, "img_name": "000026", "width": 1953, "height": 1090, "position": [0.34710366805735615, -0.42789950592901627, 5.299541376673736], "rotation": [[-0.9825263607672675, 0.05062816125509587, -0.17910538709194962], [-0.0032439258356194004, 0.9574891160488233, 0.2884511563388438], [0.18609521042359495, 0.2839918694892005, -0.9405940626654128]], "fy": 1167.9866080503527, "fx": 1165.268276560617}, {"id": 26, "img_name": "000027", "width": 1953, "height": 1090, "position": [-0.3109490956760169, -0.4489938797377807, 5.40308524474066], "rotation": [[-0.9985383127339157, 0.028821165692715693, -0.04572284342226994], [0.014505565515039936, 0.9578279618937984, 0.2869759292753684], [0.05206559873460854, 0.28589322451307825, -0.9568459842659743]], "fy": 1167.9866080503527, "fx": 1165.268276560617}, {"id": 27, "img_name": "000028", "width": 1953, "height": 1090, "position": [-0.9429287861927862, -0.4177287478286358, 5.271237924119743], "rotation": [[-0.9979711565881986, 0.007027904183782731, 0.06327858390321726], [0.02481578260079734, 0.9582215037120487, 0.28494863880659277], [-0.05863230808967785, 0.28594083021947686, -0.9564518252695601]], "fy": 1167.9866080503527, "fx": 1165.268276560617}, {"id": 28, "img_name": "000029", "width": 1953, "height": 1090, "position": [-1.5245289874322856, -0.38138649171099037, 5.17117231871784], "rotation": [[-0.9794243951509108, -0.017858109642296414, 0.20101975550496376], [0.03983340136178162, 0.9593749705461831, 0.27930801282000695], [-0.19784123513368718, 0.28156838211971463, -0.9389239010011744]], "fy": 1167.9866080503527, "fx": 1165.268276560617}, {"id": 29, "img_name": "000030", "width": 1953, "height": 1090, "position": [-2.0211376446323515, -0.35474375255628493, 4.856150119275831], "rotation": [[-0.9325935980257726, -0.047735078387142596, 0.3577576598938405], [0.05515278606267314, 0.9607269771033258, 0.2719592720526932], [-0.3566894322949147, 0.2733588077184986, -0.8933351057312436]], "fy": 1167.9866080503527, "fx": 1165.268276560617}, {"id": 30, "img_name": "000031", "width": 1953, "height": 1090, "position": [-2.634999952178122, -0.32097662952521144, 4.603455445247122], "rotation": [[-0.870837196493083, -0.07418589634483869, 0.485941385341463], [0.06522342966477969, 0.9623686781995575, 0.26380377450521764], [-0.48722528816434685, 0.26142490318244166, -0.8332277831236905]], "fy": 1167.9866080503527, "fx": 1165.268276560617}, {"id": 31, "img_name": "000032", "width": 1953, "height": 1090, "position": [-3.1017488635307595, -0.26446208914909997, 4.219369570322376], "rotation": [[-0.8144887337006829, -0.09605329019972565, 0.5721729354980584], [0.07059592992376344, 0.9624641756356792, 0.26206664285278963], [-0.5758683159827922, 0.25384340854105264, -0.7771352563018894]], "fy": 1167.9866080503527, "fx": 1165.268276560617}, {"id": 32, "img_name": "000033", "width": 1953, "height": 1090, "position": [-3.6502475028118084, -0.24089671638514124, 3.902817397473015], "rotation": [[-0.7320682922683367, -0.11503208271676794, 0.6714489075135678], [0.08130600691599284, 0.9638410968054161, 0.253770907214182], [-0.6763618474564466, 0.24037046418970667, -0.696244706443451]], "fy": 1167.9866080503527, "fx": 1165.268276560617}, {"id": 33, "img_name": "000034", "width": 1953, "height": 1090, "position": [-3.9589792320244577, -0.1806496686689702, 3.5038068612803803], "rotation": [[-0.6444596527976316, -0.13178894126085486, 0.7531954798571874], [0.08939678288161577, 0.9652933896034366, 0.24539129405568808], [-0.7593944766235616, 0.2254780409468977, -0.6103111353435852]], "fy": 1167.9866080503527, "fx": 1165.268276560617}, {"id": 34, "img_name": "000035", "width": 1953, "height": 1090, "position": [-4.314692538474812, -0.12407390097310174, 3.1371452007497544], "rotation": [[-0.5377441179914537, -0.14860685280984604, 0.8299079869862355], [0.09574690053451389, 0.9672114848411191, 0.23523280942392266], [-0.8376537438605685, 0.2059561771090888, -0.5058836412723603]], "fy": 1167.9866080503527, "fx": 1165.268276560617}, {"id": 35, "img_name": "000036", "width": 1953, "height": 1090, "position": [-4.538328242251756, -0.04623754627559334, 2.783685677300456], "rotation": [[-0.41696546074838964, -0.16562981945131772, 0.8937038477322378], [0.10163773486328803, 0.9685932998843614, 0.22692904237003964], [-0.9032217753103291, 0.18545560743112396, -0.3870357118892387]], "fy": 1167.9866080503527, "fx": 1165.268276560617}, {"id": 36, "img_name": "000037", "width": 1953, "height": 1090, "position": [-4.838237521175507, 0.011090755376280402, 2.3529937415322792], "rotation": [[-0.25876567751386975, -0.18090245146153788, 0.9488491066528935], [0.10714468361469855, 0.9708690318429358, 0.21432064711890567], [-0.9599793440037625, 0.15712296478734822, -0.23184484687510223]], "fy": 1167.9866080503527, "fx": 1165.268276560617}, {"id": 37, "img_name": "000038", "width": 1953, "height": 1090, "position": [-4.947032869294247, 0.08974045792569238, 1.791522542367451], "rotation": [[-0.14385114725797638, -0.19546207661097464, 0.9701038212683677], [0.10422691455512613, 0.9718547745604746, 0.21127008175869957], [-0.9840953194253503, 0.13150237173121498, -0.11943001513096668]], "fy": 1167.9866080503527, "fx": 1165.268276560617}, {"id": 38, "img_name": "000039", "width": 1953, "height": 1090, "position": [-4.630627325342734, 0.1241053745187728, 1.3717685292844817], "rotation": [[-0.00878452941042341, -0.20418025224843267, 0.9788938944721248], [0.105617974623689, 0.9732664081119113, 0.20395426516091364], [-0.9943679779032643, 0.1051804327463284, 0.013015417314397199]], "fy": 1167.9866080503527, "fx": 1165.268276560617}, {"id": 39, "img_name": "000040", "width": 1953, "height": 1090, "position": [-4.115264801518814, 0.11691069659798335, 1.094785337221729], "rotation": [[0.14891776418499578, -0.20929227800045777, 0.9664472266396759], [0.10123440458910093, 0.9754366100572137, 0.1956400140246914], [-0.9836539507558705, 0.0687034360819772, 0.1664474182223848]], "fy": 1167.9866080503527, "fx": 1165.268276560617}, {"id": 40, "img_name": "000041", "width": 1953, "height": 1090, "position": [-3.688198783145484, 0.10746556578912711, 0.8322944239317933], "rotation": [[0.21625043843015307, -0.23403185393886483, 0.9478738519553667], [0.0945916737327546, 0.9713009883255898, 0.21823566467964972], [-0.9717449064127904, 0.04246741597590128, 0.23218172934390657]], "fy": 1167.9866080503527, "fx": 1165.268276560617}, {"id": 41, "img_name": "000042", "width": 1953, "height": 1090, "position": [-3.399319774919284, 0.06496308895742582, 0.4340284155962747], "rotation": [[0.25954714445031957, -0.2523206590685434, 0.9321853704145441], [0.09234792227801328, 0.9673257932980829, 0.23612003487880664], [-0.9613049157570239, 0.02480110133543924, 0.27436793601645637]], "fy": 1167.9866080503527, "fx": 1165.268276560617}, {"id": 42, "img_name": "000043", "width": 1953, "height": 1090, "position": [-3.4346457442167355, 0.07912424444866754, -0.06560684207382762], "rotation": [[0.26971011193982514, -0.2559231796146425, 0.9283101753473016], [0.09453657296405116, 0.9664160726719959, 0.23896194436237764], [-0.9582897744887083, 0.02330880986165622, 0.28484628748364194]], "fy": 1167.9866080503527, "fx": 1165.268276560617}, {"id": 43, "img_name": "000044", "width": 1953, "height": 1090, "position": [-3.47099762599059, 0.15916993821735909, -0.6224427202860824], "rotation": [[0.27907132045060096, -0.26043320559266575, 0.9242801217848872], [0.10219193843804412, 0.9651093597437104, 0.24108241630894683], [-0.9548172630510157, 0.02717478904818989, 0.2959485175160595]], "fy": 1167.9866080503527, "fx": 1165.268276560617}, {"id": 44, "img_name": "000045", "width": 1953, "height": 1090, "position": [-3.3234933118389067, 0.18206974530916456, -1.2220135269110757], "rotation": [[0.28786705572831334, -0.2632062414345228, 0.9207904390773307], [0.11040153255677335, 0.9642003358884064, 0.24110000805018728], [-0.9512854775699183, 0.03225192618428156, 0.3066198842573258]], "fy": 1167.9866080503527, "fx": 1165.268276560617}, {"id": 45, "img_name": "000046", "width": 1953, "height": 1090, "position": [-2.986556069927609, 0.19812497711657737, -1.6322384294582282], "rotation": [[0.3189522466790066, -0.25939103833254307, 0.9115841999350245], [0.11814672146620037, 0.9651985869338721, 0.23330889393172483], [-0.9403780178976973, 0.033286288672994845, 0.33849845855066446]], "fy": 1167.9866080503527, "fx": 1165.268276560617}, {"id": 46, "img_name": "000047", "width": 1953, "height": 1090, "position": [-2.739825729927834, 0.18838392721799727, -1.9575979986555347], "rotation": [[0.46751593613398035, -0.18446046168040706, 0.8645248333838763], [0.12396909005051379, 0.9820026752124746, 0.14248652774066353], [-0.8752488298608664, 0.04055963451751455, 0.48196929557285084]], "fy": 1167.9866080503527, "fx": 1165.268276560617}, {"id": 47, "img_name": "000048", "width": 1953, "height": 1090, "position": [-2.44978821645588, 0.2274863816160139, -2.260519564673115], "rotation": [[0.5839911545277291, -0.09713923750341165, 0.805926981785959], [0.10698994345131176, 0.9933639637253353, 0.042204117952823604], [-0.8046784969375377, 0.061579250638072236, 0.5905086895695933]], "fy": 1167.9866080503527, "fx": 1165.268276560617}, {"id": 48, "img_name": "000049", "width": 1953, "height": 1090, "position": [-2.077289167213357, 0.2160838562870197, -2.4576330048599853], "rotation": [[0.6556050102474372, -0.07421969952625322, 0.7514476074489094], [0.09191253763602689, 0.9956017516967322, 0.018144901314273567], [-0.7494892634079313, 0.0571715682890672, 0.6595432175495438]], "fy": 1167.9866080503527, "fx": 1165.268276560617}, {"id": 49, "img_name": "000050", "width": 1953, "height": 1090, "position": [-1.6216781468336323, 0.246797028047561, -2.7267509731073885], "rotation": [[0.748218301366312, -0.057992006128647064, 0.6609132323729687], [0.07771072158561712, 0.9969758259456759, -0.0004962162630769331], [-0.6588857391468974, 0.0517313222826558, 0.7504621596348046]], "fy": 1167.9866080503527, "fx": 1165.268276560617}, {"id": 50, "img_name": "000051", "width": 1953, "height": 1090, "position": [-1.1492641150607426, 0.23766723110401775, -2.745375059463884], "rotation": [[0.8299132013416268, -0.041411966688041486, 0.5563534193782949], [0.06072625023780937, 0.9980213902397197, -0.016298072156913437], [-0.5545776778513063, 0.047311242205268104, 0.8307859204332046]], "fy": 1167.9866080503527, "fx": 1165.268276560617}, {"id": 51, "img_name": "000052", "width": 1953, "height": 1090, "position": [-0.5921626897526394, 0.25638074689579826, -2.8838644775335704], "rotation": [[0.8824481892488462, -0.030743686359280927, 0.469403897555692], [0.04897579157716132, 0.9984436166849097, -0.026678008556633652], [-0.46785314483374263, 0.04653138779576136, 0.8825804579861133]], "fy": 1167.9866080503527, "fx": 1165.268276560617}, {"id": 52, "img_name": "000053", "width": 1953, "height": 1090, "position": [-0.09952231484624818, 0.2999905038599193, -2.9672456414030597], "rotation": [[0.9448529950053636, -0.015707460971934643, 0.32711785872863886], [0.030800980316432018, 0.9986838098710432, -0.041011553408823745], [-0.32604312205740715, 0.04882543979600373, 0.9440931940162399]], "fy": 1167.9866080503527, "fx": 1165.268276560617}, {"id": 53, "img_name": "000054", "width": 1953, "height": 1090, "position": [0.10154552015353123, 0.402277113486531, -3.328826074853593], "rotation": [[0.9911598600255458, 0.002131783714440217, 0.13265589836993766], [0.00484837844953616, 0.9986210466673593, -0.05227330465350275], [-0.13258440745634634, 0.05245436732229916, 0.9897827611391639]], "fy": 1167.9866080503527, "fx": 1165.268276560617}, {"id": 54, "img_name": "000055", "width": 1953, "height": 1090, "position": [0.24096055503257757, 0.4236914769082674, -3.5591821680883218], "rotation": [[0.9988548553571039, 0.017445830538247793, -0.04454908446163299], [-0.019901948715395357, 0.9982715192084124, -0.05529815887222583], [0.04350735991609629, 0.05612144807610451, 0.9974755599507049]], "fy": 1167.9866080503527, "fx": 1165.268276560617}, {"id": 55, "img_name": "000056", "width": 1953, "height": 1090, "position": [0.5285123588469722, 0.4441399704492694, -3.6528264847708862], "rotation": [[0.9741248636632331, 0.03040298824730984, -0.2239562642542539], [-0.04386571141186534, 0.9975010655046994, -0.05538432701875191], [0.2217127631766341, 0.0637752508628782, 0.9730242381472102]], "fy": 1167.9866080503527, "fx": 1165.268276560617}, {"id": 56, "img_name": "000057", "width": 1953, "height": 1090, "position": [1.0169678048212758, 0.4541609388998793, -3.6915165889101758], "rotation": [[0.9626210921502717, 0.030395874403289037, -0.2691407136920718], [-0.047398259701158504, 0.9972541176164809, -0.05690017464187595], [0.26667215438571734, 0.06753010970103579, 0.961418559400143]], "fy": 1167.9866080503527, "fx": 1165.268276560617}, {"id": 57, "img_name": "000058", "width": 1953, "height": 1090, "position": [1.4507568439795109, 0.4203978455560383, -3.4187241024530173], "rotation": [[0.9504627485491922, 0.027992793123713805, -0.3095754627767647], [-0.04733288073381486, 0.9973562080579167, -0.05513794201611057], [0.3072135446586845, 0.06705965837570659, 0.9492749023316586]], "fy": 1167.9866080503527, "fx": 1165.268276560617}, {"id": 58, "img_name": "000059", "width": 1953, "height": 1090, "position": [1.8922203594096498, 0.369007348475496, -3.1701368652959663], "rotation": [[0.9396345895008492, 0.021820597399594712, -0.3414830885163938], [-0.044930331681568784, 0.997191995471743, -0.059911513601875854], [0.33921689743960964, 0.07163787892036128, 0.9379764979972777]], "fy": 1167.9866080503527, "fx": 1165.268276560617}, {"id": 59, "img_name": "000060", "width": 1953, "height": 1090, "position": [2.455444064368051, 0.34226097510186226, -2.879908224430015], "rotation": [[0.9221982131290446, 0.006142424149418732, -0.3866687553024756], [-0.0442687015121006, 0.9949778116042172, -0.08977436427909494], [0.384175399743437, 0.09990708203551805, 0.9178386771056875]], "fy": 1167.9866080503527, "fx": 1165.268276560617}, {"id": 60, "img_name": "000061", "width": 1953, "height": 1090, "position": [2.992506253978626, 0.30073753252737595, -2.5964692834556318], "rotation": [[0.8793645655615512, 0.00022570286653138992, -0.4761490416801868], [-0.05073963261286462, 0.9943503143709543, -0.09323594796373146], [0.4734379056614032, 0.10614801631966636, 0.8744078842933336]], "fy": 1167.9866080503527, "fx": 1165.268276560617}, {"id": 61, "img_name": "000062", "width": 1953, "height": 1090, "position": [3.304038692661824, 0.2714802972931256, -2.1904464286025656], "rotation": [[0.7837627974935951, 0.0022975358846708286, -0.6210560349870795], [-0.06753144775551595, 0.9943791613252884, -0.08154500037439552], [0.6173778266418853, 0.10585275079503037, 0.7795125491742049]], "fy": 1167.9866080503527, "fx": 1165.268276560617}, {"id": 62, "img_name": "000063", "width": 1953, "height": 1090, "position": [3.5080841506382154, 0.2108518973136609, -1.728485960313546], "rotation": [[0.6709846297458565, 0.004251737988949533, -0.7414590678984843], [-0.08039461432431344, 0.9945053752086307, -0.06705046359858936], [0.7370999475189648, 0.10459914629295108, 0.6676396378004567]], "fy": 1167.9866080503527, "fx": 1165.268276560617}, {"id": 63, "img_name": "000064", "width": 1953, "height": 1090, "position": [3.6699549085533487, 0.15632908251385202, -1.2313728393517482], "rotation": [[0.5027443488921041, 0.007711994170940757, -0.8644007431758499], [-0.09481915056679577, 0.9944183617608255, -0.04627580878501463], [0.8592190921661632, 0.10522664557431878, 0.5006694565462637]], "fy": 1167.9866080503527, "fx": 1165.268276560617}, {"id": 64, "img_name": "000065", "width": 1953, "height": 1090, "position": [3.818052917263668, 0.07839039047827923, -0.7219004753664275], "rotation": [[0.3844136473546383, 0.0056478163145762756, -0.9231436778196448], [-0.0997927838814444, 0.9943757563862093, -0.03547189586906274], [0.9177513541328581, 0.10575895840178792, 0.38281522266633267]], "fy": 1167.9866080503527, "fx": 1165.268276560617}, {"id": 65, "img_name": "000066", "width": 1953, "height": 1090, "position": [3.8610780864732126, 0.044991703676044784, -0.2183812044766177], "rotation": [[0.2768606504318236, 0.01121901771753981, -0.96084458362626], [-0.10269735273834894, 0.9945501550814172, -0.017978953475211307], [0.9554064234570556, 0.10365385988462851, 0.27650396624282825]], "fy": 1167.9866080503527, "fx": 1165.268276560617}, {"id": 66, "img_name": "000067", "width": 1953, "height": 1090, "position": [3.8404373144511794, -0.021815337863245306, 0.3460080132616921], "rotation": [[0.17427851112001258, 0.015103238271496119, -0.9845805669194908], [-0.10224284610724367, 0.9947554189373401, -0.0028384704838471], [0.9793739842275178, 0.10116100379351523, 0.1749086914072776]], "fy": 1167.9866080503527, "fx": 1165.268276560617}, {"id": 67, "img_name": "000068", "width": 1953, "height": 1090, "position": [3.7267553187265117, -0.19019721919885055, 0.8300034926947439], "rotation": [[0.041908040038247114, 0.022746792410070757, -0.9988625028577283], [-0.10149356408604936, 0.9946661522159048, 0.018392990108122304], [0.9939531038380348, 0.10060730128106826, 0.04399316196497696]], "fy": 1167.9866080503527, "fx": 1165.268276560617}, {"id": 68, "img_name": "000069", "width": 1953, "height": 1090, "position": [3.5414528540835475, -0.2391440163640345, 1.2703775816978127], "rotation": [[-0.14377563432859924, 0.03487273270932789, -0.9889956822387003], [-0.09821754465089333, 0.9939418011046733, 0.04932555057521161], [0.9847242664300287, 0.10422853990237872, -0.13947949875755772]], "fy": 1167.9866080503527, "fx": 1165.268276560617}, {"id": 69, "img_name": "000070", "width": 1953, "height": 1090, "position": [3.3406176685802316, -0.29976660023986096, 1.609877583510026], "rotation": [[-0.30104667376719974, 0.07142134942193434, -0.9509310653567138], [-0.09224858157797247, 0.990333464879453, 0.10358488083069511], [0.9491370287848625, 0.11890592578423963, -0.29154807734374705]], "fy": 1167.9866080503527, "fx": 1165.268276560617}, {"id": 70, "img_name": "000071", "width": 1953, "height": 1090, "position": [2.966108685441204, -0.28842658520668785, 1.7491563637392025], "rotation": [[-0.45383708927280114, 0.07648476665931102, -0.887796134745732], [-0.08346209110069727, 0.9882810470109739, 0.1278070869239738], [0.8871673887995944, 0.13210091819500738, -0.4421350151962017]], "fy": 1167.9866080503527, "fx": 1165.268276560617}, {"id": 71, "img_name": "000072", "width": 1953, "height": 1090, "position": [2.587218496415375, -0.25167876078926643, 1.5443244569735008], "rotation": [[-0.5823659183504987, 0.07794084016102915, -0.8091817858669168], [-0.07584543879242746, 0.9858420148324476, 0.14954260665604366], [0.8093808785474018, 0.1484612650696907, -0.5682093330945407]], "fy": 1167.9866080503527, "fx": 1165.268276560617}, {"id": 72, "img_name": "000073", "width": 1953, "height": 1090, "position": [2.1835785404939716, -0.27955452857775653, 1.5708572862464871], "rotation": [[-0.6450434762060552, 0.08659094295046871, -0.759223894778712], [-0.06953096213934315, 0.9827862154444086, 0.17116278811831076], [0.76097592544573, 0.16319700772809898, -0.6279190852017553]], "fy": 1167.9866080503527, "fx": 1165.268276560617}, {"id": 73, "img_name": "000074", "width": 1953, "height": 1090, "position": [1.9239592152026832, -0.41155739256999735, 1.7771532571596378], "rotation": [[-0.7083881009861164, 0.08693010198514253, -0.7004494669497121], [-0.060037223337991046, 0.9813689645690653, 0.18251160838287792], [0.7032651208435885, 0.17134209275450535, -0.6899710552301153]], "fy": 1167.9866080503527, "fx": 1165.268276560617}, {"id": 74, "img_name": "000075", "width": 1953, "height": 1090, "position": [1.7782833148425035, -0.3740336112889688, 2.060423620487798], "rotation": [[-0.7647917425205769, 0.04401608952703564, -0.6427722570515059], [-0.048659607038336265, 0.9908678954706002, 0.12574997562042917], [0.6424374157964445, 0.12744958841993884, -0.7556657787649075]], "fy": 1167.9866080503527, "fx": 1165.268276560617}, {"id": 75, "img_name": "000076", "width": 1953, "height": 1090, "position": [1.624817085528352, -0.3576484239872731, 2.143741388091221], "rotation": [[-0.8436425948056439, -0.013518478806061086, -0.5367349652858201], [-0.03867406483689903, 0.9986162234877585, 0.035636426532952944], [0.5355104937707491, 0.05082213019755567, -0.842997996524067]], "fy": 1167.9866080503527, "fx": 1165.268276560617}, {"id": 76, "img_name": "000077", "width": 1953, "height": 1090, "position": [1.3218385943198776, -0.3656922035390794, 2.1000306426350606], "rotation": [[-0.8944995483179328, -0.016789776050297793, -0.44675346834601587], [-0.02907743083945237, 0.9993635973927356, 0.0206616364798825], [0.4461222490246263, 0.03147226757688097, -0.894418490025099]], "fy": 1167.9866080503527, "fx": 1165.268276560617}, {"id": 77, "img_name": "000078", "width": 1953, "height": 1090, "position": [1.016472710774633, -0.33380672484269475, 2.2080193291200807], "rotation": [[-0.9433734966828988, -0.009549142696504576, -0.3315950235302728], [-0.015570133575702886, 0.9997585428872381, 0.015505704254278442], [0.3313668913707511, 0.019790649250294248, -0.9432943938694519]], "fy": 1167.9866080503527, "fx": 1165.268276560617}, {"id": 78, "img_name": "000079", "width": 1953, "height": 1090, "position": [0.820813062567129, -0.30622939179422337, 2.2791449472212655], "rotation": [[-0.9904401547897718, 0.002622445300531315, -0.13791817342416485], [0.001552668424438563, 0.9999678758463286, 0.007863618514739849], [0.13793436482898686, 0.007574302345914712, -0.9904124095260499]], "fy": 1167.9866080503527, "fx": 1165.268276560617}, {"id": 79, "img_name": "000080", "width": 1953, "height": 1090, "position": [0.47695559200992654, -0.34380209855723304, 2.4739804644737933], "rotation": [[-0.9996383939621889, 0.018579536901775887, 0.01943919044638582], [0.019280454429621757, 0.9991471538968967, 0.036513407629508346], [-0.018744209604104094, 0.03687500058639875, -0.9991440781679439]], "fy": 1167.9866080503527, "fx": 1165.268276560617}, {"id": 80, "img_name": "000081", "width": 1953, "height": 1090, "position": [0.17068410511027582, -0.31441510898162917, 2.529499325916279], "rotation": [[-0.9883310101346799, 0.016685711935058686, 0.15140476024016913], [0.04069952020684094, 0.9867711016774344, 0.15692782401230015], [-0.14678338959533468, 0.16125873592312062, -0.975935580162636]], "fy": 1167.9866080503527, "fx": 1165.268276560617}, {"id": 81, "img_name": "000082", "width": 1953, "height": 1090, "position": [-0.23487548432934774, -0.302195025633976, 2.709976737939208], "rotation": [[-0.9540211086761379, -0.011871723924122916, 0.2995042343130097], [0.06393513954866356, 0.9681598376599351, 0.2420306316836378], [-0.2928412917114758, 0.2500511765886281, -0.9228859013742691]], "fy": 1167.9866080503527, "fx": 1165.268276560617}, {"id": 82, "img_name": "000083", "width": 1953, "height": 1090, "position": [-0.6380331665386726, -0.2817853938686368, 2.773793155779001], "rotation": [[-0.9049999318955066, -0.050262316376181955, 0.4224320333753451], [0.08126075908687226, 0.9542869540485936, 0.2876336182807616], [-0.41757851034476545, 0.294635552649639, -0.8595452744405544]], "fy": 1167.9866080503527, "fx": 1165.268276560617}, {"id": 83, "img_name": "000084", "width": 1953, "height": 1090, "position": [-1.1083133930648537, -0.2767193416586081, 2.8942792184814925], "rotation": [[-0.8401616007323011, -0.11072333826613523, 0.5309132010207883], [0.0915174314911377, 0.9359543551074093, 0.34002059480087155], [-0.5345587380150116, 0.33426005971201, -0.7762197936751685]], "fy": 1167.9866080503527, "fx": 1165.268276560617}, {"id": 84, "img_name": "000085", "width": 1953, "height": 1090, "position": [-1.5364040926220726, -0.2661303208941943, 2.823083592568557], "rotation": [[-0.7832505665549858, -0.16276876165480067, 0.6000207331589937], [0.09802117431071619, 0.9207172784465025, 0.37771886709140445], [-0.6139302886957458, 0.35466325352287137, -0.7051975448216831]], "fy": 1167.9866080503527, "fx": 1165.268276560617}, {"id": 85, "img_name": "000086", "width": 1953, "height": 1090, "position": [-1.9857023507847231, -0.2826696093831342, 2.690061962511247], "rotation": [[-0.7035594507413669, -0.19334786844494664, 0.6838279762047627], [0.10708952915562343, 0.9224400899381281, 0.3709934139848914], [-0.7025211256736218, 0.33424673856708564, -0.6282859108236737]], "fy": 1167.9866080503527, "fx": 1165.268276560617}, {"id": 86, "img_name": "000087", "width": 1953, "height": 1090, "position": [-2.369144135456108, -0.2503563502192464, 2.4365708511036988], "rotation": [[-0.5841817048911392, -0.1927927119603296, 0.7883924821340339], [0.11916519261248007, 0.9404765858171473, 0.3182820265100631], [-0.802827124940427, 0.27988347887058895, -0.5264350346578237]], "fy": 1167.9866080503527, "fx": 1165.268276560617}, {"id": 87, "img_name": "000088", "width": 1953, "height": 1090, "position": [-2.795374151535326, -0.21806000716817098, 2.201917533316095], "rotation": [[-0.4391139404449882, -0.10111837349586318, 0.892722813558848], [0.11813124947504444, 0.9785209121740406, 0.16894328141583007], [-0.8906312116720029, 0.17964381141479563, -0.4177369337466166]], "fy": 1167.9866080503527, "fx": 1165.268276560617}, {"id": 88, "img_name": "000089", "width": 1953, "height": 1090, "position": [-3.0485303875104472, -0.16478299153990328, 1.8331625576128443], "rotation": [[-0.3413587451571797, -0.05837940327510061, 0.938118357339818], [0.10935100803933513, 0.9888253519810978, 0.10132512186145805], [-0.9335505150475233, 0.13717240448683996, -0.33116033473500683]], "fy": 1167.9866080503527, "fx": 1165.268276560617}, {"id": 89, "img_name": "000090", "width": 1953, "height": 1090, "position": [-3.2530891918180758, -0.18537792753572663, 1.3677777816949046], "rotation": [[-0.2401376005479148, -0.04727902165445538, 0.9695868330966997], [0.10892879082751196, 0.9911926038153637, 0.07531095983039662], [-0.9646079262228493, 0.12370091452013206, -0.23287256690073377]], "fy": 1167.9866080503527, "fx": 1165.268276560617}, {"id": 90, "img_name": "000091", "width": 1953, "height": 1090, "position": [-3.6017474721774874, -0.12455470540296953, 0.8481979249443103], "rotation": [[-0.11813955052530799, -0.04266477196283185, 0.9920800188669447], [0.11272859033238268, 0.9920415804966101, 0.056087141908476565], [-0.9865775750154427, 0.11846189175911091, -0.11238980682206305]], "fy": 1167.9866080503527, "fx": 1165.268276560617}, {"id": 91, "img_name": "000092", "width": 1953, "height": 1090, "position": [-3.798106724271412, -0.13187982849190216, 0.3835582360775865], "rotation": [[-0.008829717014684891, -0.04987725879900508, 0.9987163236636003], [0.11577051757806416, 0.9919881000274395, 0.05056477690703075], [-0.9932367408413503, 0.11606837837519625, -0.002984658138641319]], "fy": 1167.9866080503527, "fx": 1165.268276560617}, {"id": 92, "img_name": "000093", "width": 1953, "height": 1090, "position": [-3.882711914778714, -0.11069105511483697, -0.05666552762936435], "rotation": [[0.1412065850290547, -0.12759927049843922, 0.9817225303071627], [0.11873553478884222, 0.9866833674344831, 0.11116566559219805], [-0.9828339499238105, 0.10086802563952021, 0.15447675644168968]], "fy": 1167.9866080503527, "fx": 1165.268276560617}, {"id": 93, "img_name": "000094", "width": 1953, "height": 1090, "position": [-3.9521474306870585, -0.05513282077594668, -0.5661005932794559], "rotation": [[0.29654472912395596, -0.14211887333943884, 0.9443852230258202], [0.11653990812230623, 0.9868602607821189, 0.11191637728184763], [-0.9478816769215681, 0.07687035533791281, 0.30921072915825387]], "fy": 1167.9866080503527, "fx": 1165.268276560617}, {"id": 94, "img_name": "000095", "width": 1953, "height": 1090, "position": [-3.9487061182845213, 0.021852520909157222, -1.053606935329844], "rotation": [[0.4095115145118515, -0.1467519796701716, 0.9004244421077735], [0.11009207561699488, 0.9877140113208404, 0.1109088216817616], [-0.9056379267502833, 0.05371115622829635, 0.4206364907233656]], "fy": 1167.9866080503527, "fx": 1165.268276560617}, {"id": 95, "img_name": "000096", "width": 1953, "height": 1090, "position": [-3.9582074551922575, 0.10684701675709198, -1.6202677327507857], "rotation": [[0.4802397011662845, -0.14720554983337691, 0.8646966841164425], [0.10381405569745625, 0.9884267867194279, 0.11061251798576914], [-0.870972141496709, 0.036647147143534085, 0.4899637898282658]], "fy": 1167.9866080503527, "fx": 1165.268276560617}, {"id": 96, "img_name": "000097", "width": 1953, "height": 1090, "position": [-4.005432919855248, 0.22167112660818258, -2.138369959705589], "rotation": [[0.5456766558880547, -0.1491973835679514, 0.8246072567927758], [0.09967215290537923, 0.9885932911203619, 0.11291043657261388], [-0.8320471435886526, 0.020577791142130635, 0.5543231055599926]], "fy": 1167.9866080503527, "fx": 1165.268276560617}, {"id": 97, "img_name": "000098", "width": 1953, "height": 1090, "position": [-4.235044049684567, 0.36558477341982015, -2.684997814489271], "rotation": [[0.5779366272372927, -0.14411836808597944, 0.8032553460001473], [0.096132746353395, 0.9894528240288832, 0.10835868262313587], [-0.8103997470237366, 0.014594690866949332, 0.585695522453742]], "fy": 1167.9866080503527, "fx": 1165.268276560617}, {"id": 98, "img_name": "000099", "width": 1953, "height": 1090, "position": [-4.280675899851949, 0.5028058904842653, -3.2282341433500674], "rotation": [[0.618327436291431, -0.140069130915788, 0.7733381020574134], [0.09768436583014643, 0.9900569403332788, 0.10121768407876351], [-0.7798262282083287, 0.012957370967989641, 0.6258619339247031]], "fy": 1167.9866080503527, "fx": 1165.268276560617}, {"id": 99, "img_name": "000100", "width": 1953, "height": 1090, "position": [-4.208935685122445, 0.6376116084688275, -3.82901382803549], "rotation": [[0.6687992748237337, -0.11424682204444454, 0.734612274365187], [0.09679855928800203, 0.993092049905621, 0.06631907217398779], [-0.7371143526719685, 0.026755262416886683, 0.6752381705872296]], "fy": 1167.9866080503527, "fx": 1165.268276560617}, {"id": 100, "img_name": "000101", "width": 1953, "height": 1090, "position": [-3.9196425648483384, 0.7548169659463094, -4